{"cells":[{"metadata":{},"cell_type":"markdown","source":"# Лабораторная работа №1\n## Выполнил студент группы БСТ2004 Зенин Михаил Витальевич\n### Задание №1\nОписание условия задания"},{"metadata":{"trusted":true},"cell_type":"code","source":"print(\"Hello,World!\")","execution_count":1,"outputs":[{"output_type":"stream","text":"Hello,World!\n","name":"stdout"}]},{"metadata":{},"cell_type":"markdown","source":"### Задание №2\nОписание условия задания\n\nНаписать генератор случайных матриц(многомерных), который принимает опциональные параметры m, n, min_limit, max_limit, где m и n указывают размер матрицы, а min_lim и max_lim - минимальное и максимальное значение для генерируемого числа . По умолчанию при отсутствии параметров принимать следующие значения: m = 50 n = 50 min_limit = -250 max_limit = 1000 + (номер своего варианта)\n\nИмпорт необходимых библиотек"},{"metadata":{"trusted":true},"cell_type":"code","source":"from random import randint\nimport time\nimport copy\nimport math\nimport pandas as pd","execution_count":2,"outputs":[]},{"metadata":{},"cell_type":"markdown","source":"Создание матрицы"},{"metadata":{"trusted":true},"cell_type":"code","source":"def New_Array(answer):\n\n    if answer == \"Да\" or answer == \"да\":\n        m = int(input(\"Введите количество строк: \"))\n        n = int(input(\"Введите количество столбцов: \"))\n        min_limit = int(input(\"Укажите начальный диапозон чисел для генерации: \"))\n        max_limit = int(input(\"Укажите конечный диапозон чисел для генерации: \"))\n        matrix = [[randint(min_limit, max_limit+1) for j in range(n)] for i in range(m)]\n        return matrix\n    elif answer == \"Нет\" or answer == \"нет\":\n        m = 50\n        n = 50\n        min_limit = -250\n        max_limit = 1000 + 5\n        matrix = [[randint(min_limit, max_limit+1) for j in range(n)] for i in range(m)]\n        return matrix\n    else:\n        print(\"Некорректный ответ на вопрос\")","execution_count":3,"outputs":[]},{"metadata":{},"cell_type":"markdown","source":"### Задание №3\nОписание условия задания\n\nРеализовать методы сортировки строк числовой матрицы в соответствии с заданием. Оценить время работы каждого алгоритма сортировки и сравнить его со временем стандартной функции сортировки. Испытания проводить на сгенерированных матрицах. Методы:Выбором,Вставкой,Обменом,Шелла,Турнирная,Быстрая сортировка,Пирамидальная\n\nФункции сортировок данных\n\nСортировка выбором"},{"metadata":{"trusted":true},"cell_type":"code","source":"def sort_selection(matrix):\n    for row in range(len(matrix)):\n        for col in range(len(matrix[0])-1):\n            for colS in range(col+1, len(matrix[0])):\n                if matrix[row][colS] < matrix[row][col]:\n                    matrix[row][col], matrix[row][colS] = matrix[row][colS], matrix[row][col]\n    return matrix","execution_count":4,"outputs":[]},{"metadata":{},"cell_type":"markdown","source":"Сортировка вставкой"},{"metadata":{"trusted":true},"cell_type":"code","source":"def sort_insertion(matrix):\n    for row in range(len(matrix)):\n        for col in range (1,len(matrix[0])):\n            key = matrix[row][col]\n            j = col-1\n            while j >=0 and key < matrix[row][j]:\n                matrix[row][j+1] = matrix[row][j]\n                j -= 1\n            matrix[row][j+1] = key\n    return matrix","execution_count":5,"outputs":[]},{"metadata":{},"cell_type":"markdown","source":"Пузырьковая сортировка"},{"metadata":{"trusted":true},"cell_type":"code","source":"def sort_bubble(matrix):\n    for row in range(len(matrix)):\n        for col in range(len(matrix[0])-1):\n            for j in range(len(matrix[0])-col-1):\n                if matrix[row][j] > matrix[row][j+1]:\n                    matrix[row][j], matrix[row][j+1] = matrix[row][j+1], matrix[row][j]\n    return matrix","execution_count":6,"outputs":[]},{"metadata":{"trusted":true},"cell_type":"code","source":"Сортировка Шелла","execution_count":7,"outputs":[{"output_type":"error","ename":"SyntaxError","evalue":"invalid syntax (<ipython-input-7-3ddc4b759d04>, line 1)","traceback":["\u001b[0;36m  File \u001b[0;32m\"<ipython-input-7-3ddc4b759d04>\"\u001b[0;36m, line \u001b[0;32m1\u001b[0m\n\u001b[0;31m    Сортировка Шелла\u001b[0m\n\u001b[0m                   ^\u001b[0m\n\u001b[0;31mSyntaxError\u001b[0m\u001b[0;31m:\u001b[0m invalid syntax\n"]}]},{"metadata":{},"cell_type":"markdown","source":"Сортировка Шелла"},{"metadata":{"trusted":true},"cell_type":"code","source":"def shell_sort(matrix):\n    n = len(matrix[0])\n    k = int(math.log2(n))\n    interval = int(2**k -1)\n    while interval > 0:\n        for row in range(len(matrix)):\n            for col in range(interval, n):\n                temp = matrix[row][col]\n                j = col\n                while j >= interval and matrix[row][j - interval] > temp:\n                    matrix[row][j] = matrix[row][j - interval]\n                    j -= interval\n                matrix[row][j] = temp\n        k -= 1\n        interval = int(2**k -1)\n    return matrix","execution_count":8,"outputs":[]},{"metadata":{},"cell_type":"markdown","source":"Турнирная сортировка"},{"metadata":{"trusted":true},"cell_type":"code","source":"def tournament_sort(matrix):\n    tree = [None] * 2 * (len(matrix) + len(matrix) % 2)\n    index = len(tree) - len(matrix) - len(matrix) % 2\n    for i, v in enumerate(matrix):\n        tree[index + i] = (i, v)\n    for j in range(len(matrix)):\n        n = len(matrix)\n        index = len(tree) - len(matrix) - len(matrix) % 2\n        while index > -1:\n            n = (n + 1) // 2\n            for i in range(n):\n                i = max(index + i * 2, 1)\n                if tree[i] != None and tree[i + 1] != None:\n                    if tree[i][1] < tree[i + 1][1]:\n                        tree[i // 2] = tree[i]\n                    else:\n                        tree[i // 2] = tree[i + 1]\n                else:\n                    tree[i // 2] = tree[i] if tree[i] != None else tree[i + 1]\n            index -= n\n\n        index, x = tree[0]\n        matrix[j] = x\n        tree[len(tree) - len(matrix) - len(matrix) % 2 + index] = None","execution_count":9,"outputs":[]},{"metadata":{"trusted":true},"cell_type":"code","source":"def Tournament_Sort(matrix):\n    for i in range(len(matrix)):\n        tournamentSort(matrix[i])\n    return matrix","execution_count":10,"outputs":[]},{"metadata":{},"cell_type":"markdown","source":"Пирамидальная сортировка"},{"metadata":{"trusted":true},"cell_type":"code","source":"def heapify(matrix, n, i, row):\n    largest = i\n    l = 2 * i + 1\n    r = 2 * i + 2\n    \n    if l < n and matrix[row][i] < matrix[row][l]:\n        largest = l\n    if r < n and matrix[row][largest] < matrix[row][r]:\n        largest = r\n    \n    if largest != i:\n        matrix[row][i], matrix[row][largest] = matrix[row][largest], matrix[row][i]\n        heapify(matrix, n, largest, row)","execution_count":11,"outputs":[]},{"metadata":{"trusted":true},"cell_type":"code","source":"def heap_sort(matrix):\n    for row in range(len(matrix)):\n        n = len(matrix[0])\n        for i in range(n//2, -1, -1):\n            heapify(matrix, n, i, row)\n        for i in range(n-1, 0, -1):\n            matrix[row][i], matrix[row][0] = matrix[row][0], matrix[row][i]\n            heapify(matrix, i, 0, row)\n    return matrix","execution_count":12,"outputs":[]},{"metadata":{},"cell_type":"markdown","source":"Быстрая сортировка"},{"metadata":{"trusted":true},"cell_type":"code","source":"def partition(matrix, low, high,row):\n    pivot = matrix[row][(low + high) // 2]\n    i = low - 1\n    j = high + 1\n    while True:\n        i += 1\n        while matrix[row][i] < pivot:\n            i += 1\n\n        j -= 1\n        while matrix[row][j] > pivot:\n            j -= 1\n\n        if i >= j:\n            return j\n\n        matrix[row][i], matrix[row][j] = matrix[row][j], matrix[row][i]","execution_count":13,"outputs":[]},{"metadata":{"trusted":true},"cell_type":"code","source":"def quick_sort(matrix):\n    def _quick_sort(items, low, high,row):\n        if low < high:\n            split_index = partition(items, low, high,row)\n            _quick_sort(items, low, split_index,row)\n            _quick_sort(items, split_index + 1, high,row)\n\n    for row in range(len(matrix)):\n        _quick_sort(matrix, 0, len(matrix[row])-1,row)\n\n    return matrix","execution_count":14,"outputs":[]},{"metadata":{},"cell_type":"markdown","source":"Вызов функций"},{"metadata":{"trusted":true},"cell_type":"code","source":"a = input(\"Хотите ли вы указать параметры матрицы Да/Нет? \")\nmatrix = New_Array(a)\nprint(\"Сгененированная матрица:\")\nfor i in range (len(matrix)):\n    print(matrix[i])","execution_count":15,"outputs":[{"output_type":"stream","name":"stdout","text":"Хотите ли вы указать параметры матрицы Да/Нет? да\nВведите количество строк: 10\nВведите количество столбцов: 10\nУкажите начальный диапозон чисел для генерации: 0\nУкажите конечный диапозон чисел для генерации: 100\nСгененированная матрица:\n[100, 9, 29, 42, 77, 83, 13, 101, 84, 80]\n[94, 53, 75, 51, 90, 13, 21, 13, 36, 99]\n[74, 13, 66, 10, 42, 11, 30, 14, 4, 23]\n[89, 26, 23, 96, 50, 22, 22, 3, 43, 26]\n[2, 23, 22, 63, 22, 41, 44, 27, 22, 43]\n[91, 73, 1, 97, 22, 72, 69, 50, 56, 51]\n[58, 36, 4, 21, 85, 24, 10, 66, 79, 66]\n[101, 79, 63, 9, 3, 101, 73, 84, 12, 0]\n[86, 3, 47, 78, 61, 14, 51, 21, 78, 54]\n[76, 16, 29, 44, 17, 46, 90, 64, 15, 38]\n"}]},{"metadata":{"trusted":true},"cell_type":"code","source":"Selection_sort_matrix = copy.deepcopy(matrix)\nstart_time = time.time()\nsort_selection(Selection_sort_matrix)\nend_time_Selection_sort = time.time()-start_time\nprint(\"Сортировка простым выбором\")\n\nfor i in range (len(Selection_sort_matrix)):\n    print(Selection_sort_matrix[i])\nprint(\"Время выполнения: \",'%.2f' %end_time_Selection_sort,\"sec\")","execution_count":16,"outputs":[{"output_type":"stream","text":"Сортировка простым выбором\n[9, 13, 29, 42, 77, 80, 83, 84, 100, 101]\n[13, 13, 21, 36, 51, 53, 75, 90, 94, 99]\n[4, 10, 11, 13, 14, 23, 30, 42, 66, 74]\n[3, 22, 22, 23, 26, 26, 43, 50, 89, 96]\n[2, 22, 22, 22, 23, 27, 41, 43, 44, 63]\n[1, 22, 50, 51, 56, 69, 72, 73, 91, 97]\n[4, 10, 21, 24, 36, 58, 66, 66, 79, 85]\n[0, 3, 9, 12, 63, 73, 79, 84, 101, 101]\n[3, 14, 21, 47, 51, 54, 61, 78, 78, 86]\n[15, 16, 17, 29, 38, 44, 46, 64, 76, 90]\nВремя выполнения:  0.00 sec\n","name":"stdout"}]},{"metadata":{"trusted":true},"cell_type":"code","source":"bubble_sort_matrix = copy.deepcopy(matrix)\nstart_time = time.time()\nsort_bubble(bubble_sort_matrix)\nend_time_bubble_sort = time.time()-start_time\nprint(\"Сортировка пузырьком\")\nfor i in range(len(bubble_sort_matrix)):\n    print(bubble_sort_matrix[i])\nprint(\"Время выполнения: \",'%.2f' %end_time_bubble_sort,\"sec\")","execution_count":17,"outputs":[{"output_type":"stream","text":"Сортировка пузырьком\n[9, 13, 29, 42, 77, 80, 83, 84, 100, 101]\n[13, 13, 21, 36, 51, 53, 75, 90, 94, 99]\n[4, 10, 11, 13, 14, 23, 30, 42, 66, 74]\n[3, 22, 22, 23, 26, 26, 43, 50, 89, 96]\n[2, 22, 22, 22, 23, 27, 41, 43, 44, 63]\n[1, 22, 50, 51, 56, 69, 72, 73, 91, 97]\n[4, 10, 21, 24, 36, 58, 66, 66, 79, 85]\n[0, 3, 9, 12, 63, 73, 79, 84, 101, 101]\n[3, 14, 21, 47, 51, 54, 61, 78, 78, 86]\n[15, 16, 17, 29, 38, 44, 46, 64, 76, 90]\nВремя выполнения:  0.00 sec\n","name":"stdout"}]},{"metadata":{"trusted":true},"cell_type":"code","source":"shellSort_matrix = copy.deepcopy(matrix)\nstart_time = time.time()\nshell_sort(shellSort_matrix)\nend_time_shell_Sort = time.time()-start_time\nprint(\"Шелл сортировка\")\nfor i in range(len(shellSort_matrix)):\n    print(shellSort_matrix[i])\nprint(\"Время выполнения: \",'%.2f' %end_time_shell_Sort,\"sec\")","execution_count":18,"outputs":[{"output_type":"stream","text":"Шелл сортировка\n[9, 13, 29, 42, 77, 80, 83, 84, 100, 101]\n[13, 13, 21, 36, 51, 53, 75, 90, 94, 99]\n[4, 10, 11, 13, 14, 23, 30, 42, 66, 74]\n[3, 22, 22, 23, 26, 26, 43, 50, 89, 96]\n[2, 22, 22, 22, 23, 27, 41, 43, 44, 63]\n[1, 22, 50, 51, 56, 69, 72, 73, 91, 97]\n[4, 10, 21, 24, 36, 58, 66, 66, 79, 85]\n[0, 3, 9, 12, 63, 73, 79, 84, 101, 101]\n[3, 14, 21, 47, 51, 54, 61, 78, 78, 86]\n[15, 16, 17, 29, 38, 44, 46, 64, 76, 90]\nВремя выполнения:  0.00 sec\n","name":"stdout"}]},{"metadata":{"trusted":true},"cell_type":"code","source":"Tournament_sort_matrix = copy.deepcopy(matrix)\nstart_time = time.time()\ntournament_sort(Tournament_sort_matrix)\nend_time_Tournament_sort = time.time()-start_time\nprint(\"Турнирная сортировка\")\nfor i in range(len(Tournament_sort_matrix)):\n    print(Tournament_sort_matrix[i])\nprint(\"Время выполнения: \",'%.2f' %end_time_Tournament_sort,\"sec\")","execution_count":21,"outputs":[{"output_type":"stream","text":"Турнирная сортировка\n[2, 23, 22, 63, 22, 41, 44, 27, 22, 43]\n[58, 36, 4, 21, 85, 24, 10, 66, 79, 66]\n[74, 13, 66, 10, 42, 11, 30, 14, 4, 23]\n[76, 16, 29, 44, 17, 46, 90, 64, 15, 38]\n[86, 3, 47, 78, 61, 14, 51, 21, 78, 54]\n[89, 26, 23, 96, 50, 22, 22, 3, 43, 26]\n[91, 73, 1, 97, 22, 72, 69, 50, 56, 51]\n[94, 53, 75, 51, 90, 13, 21, 13, 36, 99]\n[100, 9, 29, 42, 77, 83, 13, 101, 84, 80]\n[101, 79, 63, 9, 3, 101, 73, 84, 12, 0]\nВремя выполнения:  0.00 sec\n","name":"stdout"}]},{"metadata":{"trusted":true},"cell_type":"code","source":"heapSort_matrix = copy.deepcopy(matrix)\nstart_time = time.time()\nheap_sort(heapSort_matrix)\nend_time_heap_Sort = time.time()-start_time\nprint(\"Пирамидальная сортировка\")\nfor i in range(len(heapSort_matrix)):\n    print(heapSort_matrix[i])\nprint(\"Время выполнения: \",'%.2f' %end_time_heap_Sort,\"sec\")","execution_count":22,"outputs":[{"output_type":"stream","text":"Пирамидальная сортировка\n[9, 13, 29, 42, 77, 80, 83, 84, 100, 101]\n[13, 13, 21, 36, 51, 53, 75, 90, 94, 99]\n[4, 10, 11, 13, 14, 23, 30, 42, 66, 74]\n[3, 22, 22, 23, 26, 26, 43, 50, 89, 96]\n[2, 22, 22, 22, 23, 27, 41, 43, 44, 63]\n[1, 22, 50, 51, 56, 69, 72, 73, 91, 97]\n[4, 10, 21, 24, 36, 58, 66, 66, 79, 85]\n[0, 3, 9, 12, 63, 73, 79, 84, 101, 101]\n[3, 14, 21, 47, 51, 54, 61, 78, 78, 86]\n[15, 16, 17, 29, 38, 44, 46, 64, 76, 90]\nВремя выполнения:  0.00 sec\n","name":"stdout"}]},{"metadata":{"trusted":true},"cell_type":"code","source":"quick_sort_matrix = copy.deepcopy(matrix)\nstart_time = time.time()\nquick_sort(quick_sort_matrix)\nend_time_quick_sort = time.time()-start_time\nprint(\"Быстрая сортировка\")\nfor i in range(len(quick_sort_matrix)):\n    print(quick_sort_matrix[i])\nprint(\"Время выполнения: \",'%.2f' %end_time_quick_sort,\"sec\")","execution_count":23,"outputs":[{"output_type":"stream","text":"Быстрая сортировка\n[9, 13, 29, 42, 77, 80, 83, 84, 100, 101]\n[13, 13, 21, 36, 51, 53, 75, 90, 94, 99]\n[4, 10, 11, 13, 14, 23, 30, 42, 66, 74]\n[3, 22, 22, 23, 26, 26, 43, 50, 89, 96]\n[2, 22, 22, 22, 23, 27, 41, 43, 44, 63]\n[1, 22, 50, 51, 56, 69, 72, 73, 91, 97]\n[4, 10, 21, 24, 36, 58, 66, 66, 79, 85]\n[0, 3, 9, 12, 63, 73, 79, 84, 101, 101]\n[3, 14, 21, 47, 51, 54, 61, 78, 78, 86]\n[15, 16, 17, 29, 38, 44, 46, 64, 76, 90]\nВремя выполнения:  0.00 sec\n","name":"stdout"}]},{"metadata":{"trusted":true},"cell_type":"code","source":"basic_sort = copy.deepcopy(matrix)\nstart_time = time.time()\nfor i in range(len(basic_sort)):\n    basic_sort[i].sort()\nend_time_basic_sort = time.time()-start_time\nprint(\"Стандартная сортировка\")\nfor b in range(len(basic_sort)):\n    print(basic_sort[b])\nprint(\"Время выполнения: \",'%.2f' %end_time_basic_sort,\"sec\")","execution_count":24,"outputs":[{"output_type":"stream","text":"Стандартная сортировка\n[9, 13, 29, 42, 77, 80, 83, 84, 100, 101]\n[13, 13, 21, 36, 51, 53, 75, 90, 94, 99]\n[4, 10, 11, 13, 14, 23, 30, 42, 66, 74]\n[3, 22, 22, 23, 26, 26, 43, 50, 89, 96]\n[2, 22, 22, 22, 23, 27, 41, 43, 44, 63]\n[1, 22, 50, 51, 56, 69, 72, 73, 91, 97]\n[4, 10, 21, 24, 36, 58, 66, 66, 79, 85]\n[0, 3, 9, 12, 63, 73, 79, 84, 101, 101]\n[3, 14, 21, 47, 51, 54, 61, 78, 78, 86]\n[15, 16, 17, 29, 38, 44, 46, 64, 76, 90]\nВремя выполнения:  0.00 sec\n","name":"stdout"}]},{"metadata":{},"cell_type":"markdown","source":"Вывод результатов"},{"metadata":{"trusted":true},"cell_type":"code","source":"","execution_count":null,"outputs":[]}],"metadata":{"kernelspec":{"name":"python3","display_name":"Python 3","language":"python"},"language_info":{"name":"python","version":"3.6.15","mimetype":"text/x-python","codemirror_mode":{"name":"ipython","version":3},"pygments_lexer":"ipython3","nbconvert_exporter":"python","file_extension":".py"}},"nbformat":4,"nbformat_minor":5}